-7.086893634759922733e+00 2.406887294657206411e+00
1.239632244845432751e+01 1.267578161774189027e+01
-1.082160470654683593e+01 -2.400846762969534254e+00
9.816555464262073372e-01 6.413555292613295933e+00
2.410294102804630967e+00 9.166550635227071808e+00
1.599637450808437222e+00 -3.183312574808113027e+00
-9.854424124941687069e+00 1.422738024694328729e+01
-8.935244539077276116e+00 1.178891417121135277e+01
-1.061212071118351474e-01 -4.458976061947987901e+00
7.167244940754521565e+00 1.039804819682875348e+01
-3.064631533647199646e+00 -7.531286466543912539e+00
-6.633481696213788581e+00 1.449796273369308608e+01
-1.168431532579152687e+01 -7.925762447068809280e-01
-2.985169005950183418e-02 1.159708005065440872e+01
-7.161529821401924956e+00 -1.407057070416239419e+01
1.289550394025066637e+01 2.235590736253932675e+00
-1.254141651931352364e+01 -8.840821735800563630e-01
1.386651621503477472e+01 1.524351936936014340e+00
-1.114295642813072362e+01 1.059992147003966423e+01
5.860005477927206385e+00 6.215588536638811945e-01
-8.498033520785497785e+00 1.205328555739459517e+01
1.163250897822077334e+01 4.602283295330096280e-01
-5.113702257712434474e+00 -1.128189067931974776e+01
5.444669990008513594e+00 -1.124030029338001313e+01
-3.699152447428275536e-01 -4.573195625444611778e+00
7.860148044482315299e+00 -6.860687285688534587e+00
4.841636974295365548e+00 1.117221758341629823e+01
6.827430988168451620e+00 1.441162614540316511e+01
-9.013470453518431569e+00 1.312543513115207716e+01
-1.402370771376119940e+01 1.126211670856833535e+01
7.577658115670107719e+00 -5.544471287242350499e+00
5.346374079044757366e+00 -6.339703710383187030e+00
1.153573897024348227e+01 9.368188354076782076e+00
-1.368864148509942424e+00 -1.257765408603596136e+01
-1.275933719065862171e+01 1.142894592926203501e+01
3.798357763781933016e+00 1.410914330666555117e+01
-1.159006259536796435e+01 -1.153617057293905823e+01
1.220052272521090586e+01 4.437174539014691277e+00
7.835246891942926339e+00 -1.017194475072518323e+01
1.039569572723127777e+01 -2.810658617983015972e+00
-3.918735350322195998e+00 5.380672612893771856e+00
-5.817725734007305860e+00 -6.507742465509483765e+00
9.231304111278440416e+00 -6.478344170687769576e+00
-7.878311281025411006e+00 -1.852334899834559678e+00
1.067080566428916910e+00 7.149887463995948877e+00
-9.694493678019792782e+00 -6.105019457584914377e+00
-5.457315933617749693e+00 1.267744044186819252e+01
1.122679724286673064e+00 1.125465897038188245e+01
5.205185793833845054e+00 -8.385820342498842450e+00
1.948411579352899992e+00 3.168230592856399852e+00
5.175676629646499549e+00 -5.847026990531212221e-01
-2.828515222421950526e+00 4.488190252557775040e+00
9.886033608461811895e+00 6.074315864168060131e+00
-1.417074513258816282e+00 -2.805245199846893911e+00
-3.501610170909659203e+00 -6.406713286528013640e+00
5.650630474512379209e+00 1.416304857785044646e+01
-3.939919511130469232e+00 -9.427824938142041589e+00
7.380729597556832999e+00 -1.316174125060707034e+01
-1.880794458885494791e+00 1.165404761831290159e+01
-3.923029643166699998e-01 -1.448938839879664364e+01
1.427958165177098593e+01 6.910846237152615146e+00
4.862539759363649239e+00 -1.403865694493026339e+00
-5.301421959390385297e+00 1.274654970954549071e+01
5.533770838109930423e-02 7.662493524638101405e+00
1.207966361511693165e+01 1.109225180082354711e+01
-1.047564868358126233e+01 1.229429492106501698e+01
-4.069918996495683672e+00 8.978666417776256736e+00
6.412440567215778486e+00 1.191221075296996901e+01
-1.073805097667827724e+01 7.391592599956453569e+00
-3.179766607913409260e+00 -1.452769762179488389e+01
8.660168552676083209e+00 -3.949244254309004276e+00
5.760076410845897499e+00 1.194577990269518608e+00
-1.146773462135522337e+00 1.190595672870720279e+01
1.346714579238938114e+00 -2.670969152926446100e+00
6.945865625711849844e+00 -1.017027680953972180e+01
-1.285297238208957893e+01 7.307236480160138825e+00
1.083527454592348960e+01 -2.790629759498871820e+00
9.199785256884304374e+00 -3.848503045907724740e+00
-6.960014105827674769e+00 -8.717418561868701232e+00
9.489012487891727687e+00 2.507887124732938844e+00
-7.311088624247324752e+00 1.262409835091009924e+01
4.117177257909236943e+00 -6.725469085820295234e+00
-5.171337109059960468e+00 7.296132374369570073e+00
-1.303835274491341245e+01 8.367503686560375797e-01
-1.433588912443252639e+01 2.646458262987419374e+00
3.711910567479126399e+00 1.005021119192242907e+00
-9.797666258781491777e+00 -2.238914214361830801e+00
8.184665125612031744e+00 -1.704637545119693343e+00
-1.239834226448981269e+01 -2.334101989706256930e+00
-1.137862442475942260e+00 -4.468865269338447632e+00
-2.122789701153456221e+00 1.338723080400702869e+01
4.244255503226927573e+00 1.066915677023618514e+01
3.563699297027124402e+00 3.662361887919328041e+00
3.020212289142861550e+00 -1.103496796158455950e+01
-2.967842436377637227e+00 1.262041009994461049e+01
1.382625386848771498e+01 1.456345199581912908e+01
7.410569838910308960e+00 -1.204037415751262330e+01
9.338713390114843804e+00 1.102239100106110214e+01
-3.079894882565893610e+00 -5.891763311376950085e+00
-1.095378964058414262e+01 -2.466795397165503445e+00
-2.828594826792230066e-01 -1.321142539558040951e+00
-1.381510252186560805e+01 7.818203676182978512e+00
-1.021625246677186638e+01 -1.083301063954539778e+01
1.135727602052723029e+01 -1.233633889119138871e+01
-3.913058647397393841e+00 2.585516765104372894e+00
2.106215710426983634e+00 1.264527109057071641e+01
1.219017046485042499e+00 -7.878358044550957118e-01
8.902575163310732620e+00 9.261021502010759576e+00
5.513303110602194579e-01 -1.224537445367468891e+00
-1.437863842467614361e+01 3.524642519800963214e+00
1.336737015321346078e+01 3.378925414075020228e-01
1.245644225604068467e+01 -1.042890110496006884e+01
1.025136731542400170e+01 -6.103030395284800846e-01
-5.731705859412940640e+00 -1.208355711643436692e+00
4.708977818050662734e+00 -8.477472767069334836e+00
-7.285576192066656631e+00 -4.446837259636897244e+00
-1.017908635009558438e+01 -1.111533897755820455e+01
-2.714483367374400657e+00 2.554923824903777785e+00
-9.460064901843972862e+00 -4.442932004757023989e+00
-1.421987716417831749e+01 1.341312572903546396e+01
3.289430143156309327e+00 -7.782547307258339764e+00
4.183221478297081575e+00 5.574192116615382275e+00
-9.328637700236210861e-01 1.081202831754452731e+01
1.859235181690667815e+00 -2.656519865084055354e+00
-8.088284440539487363e+00 1.116742309270435385e-01
5.298024650278854608e+00 -7.520864375930162993e-01
9.703915039280438748e+00 -9.546371365272024789e+00
-5.589581494739121581e+00 -1.156854153708544963e+01
8.253308627023944410e+00 3.618182268775289145e+00
3.314873714546848760e-01 -5.308903976633953192e+00
-1.158957734729309585e+01 -7.996957986777713856e+00
4.026261434802638206e+00 -7.307488156869438534e+00
1.178219661620767411e+01 2.376817568535702918e+00
-1.439224279872384926e+01 -1.201076359806476290e+01
6.311508222183999095e+00 -1.136765446847533667e+00
-4.524617183890159211e+00 -3.718376342482621055e-02
-7.357136090011725749e+00 9.419027655499377261e+00
-6.593801216629731954e+00 -1.322922697894831856e+01
1.488450392525216159e+00 -1.318385205573927088e+01
1.210994321814277441e+01 2.224025818789936437e+00
7.475638597909696870e+00 8.465203398850071892e+00
-1.478904254502657167e+00 1.177512097184269280e+01
1.303905785635911840e+01 6.025521525463656047e+00
4.603634014194074808e+00 -7.423329286259487958e-01
1.047508991620377472e+01 1.244260192805446152e+01
-6.531173330804948662e+00 3.578775991953296653e+00
-1.105733932510664808e+01 7.169474958706885559e+00
1.428933783030338489e+01 2.815437018583310191e+00
-2.512634809784911383e+00 -2.712784430522017232e-01
4.557143317265026639e+00 9.954643253270759828e+00
1.675474079602107480e+00 -4.983083328462667438e+00
5.930625300036410863e+00 -1.364966873091647770e+01
3.455132365759641999e+00 1.352055210837732702e+01
-1.153212815509088784e+01 4.754773510322166885e+00
-2.457365756952201608e+00 -1.368609819187164511e+01
-1.798185527147467155e+00 1.482228420552486270e+01
-1.474702221699549121e+01 3.340532143295078527e+00
-1.419546917567636513e+01 8.352247032959276396e+00
4.548190174494322946e+00 -5.020771093103052252e+00
-9.727415522717901553e-01 1.741271392876370783e+00
9.040795988877309952e+00 -8.912062264786413834e+00
8.032713668805914864e+00 9.458391293142984324e+00
8.484150146914277713e+00 2.656422490630401256e+00
7.351998805812421267e+00 5.171474030421872925e+00
-1.383962214641325517e-01 3.499189770482065143e+00
-1.455484545938018215e+01 9.420846501920667748e+00
-1.032056928932784778e+01 7.619841684756639921e+00
5.427747901354820215e-01 -1.031794185423528631e+00
-1.345564361056126756e+00 -1.463899047183129909e+01
-6.032596044542779978e+00 9.547471411976694355e+00
-1.174343255164723487e+01 3.367789686641028624e+00
-1.035079674763674618e+01 1.025541462782390312e+01
6.384605189434683581e+00 -1.147074117862724130e+01
1.669463618284751760e+00 -9.003780452442104121e+00
-2.863041842950348581e+00 3.849033892954579983e+00
-3.619124094304943640e+00 -1.688317466269197098e+00
-1.203295876878265958e+01 -1.477128809401097342e+01
4.757413082197199827e+00 -2.457542008513749821e+00
-1.331999851650455824e+01 -5.219102814291447956e+00
-1.360648323365216683e+00 1.888654998271437790e+00
3.939550386525830561e+00 5.668567281391464263e+00
-5.331330502347821465e+00 -1.087370198109034192e+01
8.075476754428741799e+00 -1.356607220879870113e+01
-9.533809742577179946e+00 -3.464071211435886255e+00
2.285299501858098381e+00 -1.219172814264915239e+01
1.499290874398371542e+01 4.268411337863579291e+00
-1.426112255589563738e+01 3.329544648299378906e+00
-7.799956936997157086e+00 -2.556658339482540399e+00
8.151958693072472784e+00 3.062550224742466298e-02
-4.864559369323284699e+00 -5.604964863943434850e+00
-4.317597685371818983e+00 -5.446881821798521983e+00
2.390072937492753624e+00 -5.476657995099959209e+00
-1.449945890314218744e+01 1.058451398951033440e+01
1.319795597183137303e+01 4.626955008216981469e+00
1.631356085434589431e+00 -6.185289395077363750e+00
4.036396549289474223e+00 7.656449885030625069e+00
-7.058742953808350151e+00 1.440346171091409389e+01
-1.499142745324680348e+01 1.112131506063430209e+01
-8.466834375402616075e+00 -7.826785627056017880e+00
1.265425529372710400e+01 2.102377888887165369e+00
1.221930118057418824e+01 1.446564653321586746e+01
6.585169233725309823e+00 -1.025769651954356121e+01
-1.447251990469778882e+01 -1.073532848654952154e+01
-7.977175402706180307e+00 4.363808481233498071e+00
6.262680069912871517e-01 7.271883752231687481e+00
1.197219544799582636e+01 5.502200816022369878e+00
-1.211077022961111282e+01 -1.663955529091261099e-01
-6.752577850643657342e+00 1.075307420853232543e+01
-3.443092843451443841e+00 -1.081906768427015919e+01
1.359702265344971295e+00 -8.711282285974329298e+00
-4.825277922376118411e+00 4.335116818929535043e+00
2.522515043691988978e+00 1.883626952204615179e+00
-7.245889067060390154e+00 1.399428221311352161e+01
-1.270830495911388169e+01 2.634757717925616305e+00
-3.783445131856611354e+00 -1.341869656571120473e+01
-1.390749236130710642e+01 -1.043530461566825984e+01
-1.343532941866751251e+01 -3.841276914749254701e+00
-6.540611877266456986e+00 4.605031458403718858e+00
2.263422736018046777e+00 9.533901788860401183e+00
1.013219226649029636e+01 1.421695144659593879e+01
-1.034323760787572866e+01 8.881321983135222808e+00
-1.215348396693805277e+01 -1.496963933209045550e+01
-1.490731835475162725e+01 -6.571980290969101191e+00
-3.477719366812621615e-01 -1.321792616405285337e+01
1.001336600625531403e+01 1.093636120757799546e+01
-1.491794465647415002e+01 1.052743679938602384e+01
1.182971243465233613e+01 1.404182330364180586e+01
-1.367327566594259913e+01 9.083805356982495027e-01
-2.443966922788323615e+00 -2.519612441129780223e+00
1.794144829880494285e+00 -1.240339625445758998e+01
3.773526332508264858e+00 7.364804344431252758e+00
-1.875465100631485527e+00 5.815698939633307418e+00
1.367410926524186365e+01 3.818049561863013253e+00
7.677671007037282891e+00 7.407960709899484186e+00
1.195423039523792141e+00 -1.615943187146802629e+00
-4.649241377068580761e+00 -2.486310291891433266e+00
5.476783824977079718e+00 -7.985754684992283359e-01
-1.265328356099654883e+01 4.118062354441448747e+00
1.298163838027963735e+01 8.941620135374833467e+00
-6.635787939127146373e+00 -1.186569451405414810e+01
6.128166053502798860e+00 1.119073437822276773e+01
8.694664493426554230e+00 3.140183672895538791e+00
6.801114140419095122e+00 -1.336914459337080352e+01
-1.021740144039891618e+01 1.003844287472190899e+01
-1.031140941063096506e+01 9.033839596489521284e-01
-1.340927847963127739e+01 1.172313466719865005e+01
1.268944348656650334e+01 -5.355763460335627002e+00
-5.111549031178233449e+00 -1.172680122867640762e+01
-5.584174623575483665e+00 3.469859567307391757e+00
3.453453170224619839e+00 1.102874463867711441e+01
-2.543038112506344817e+00 -1.143833165708484856e+01
7.641702451189591017e+00 -1.553107399861239912e+00
-1.034681939881002677e+01 -3.919222073942110640e+00
-9.405748116737758124e+00 1.318597844455000612e+01
-1.277257724045734122e+01 1.320263314624845918e+00
1.203423930260545660e+01 3.803864393195347304e+00
1.027350321836767577e+01 1.678240815077401749e+00
5.175206343090902550e+00 3.522202469698981986e+00
9.207360133280911185e+00 4.019058566831692048e+00
-2.344705559924440408e+00 6.810533940304100753e+00
-2.319672334886199394e+00 -3.611972019157741798e+00
-3.564655547825537951e+00 8.712425076968763449e+00
5.236986368903558287e+00 -1.149272130809619163e+01
1.456709610919207165e+01 -1.002497121000930314e+01
3.275102258050601733e-01 -4.714078643343095010e+00
1.839198494229105307e+00 1.491812281534543416e+01
-8.690320063411220985e+00 1.184036431634383746e+01
-1.218902684240990553e+01 5.901254838777415301e+00
-1.354463428844492512e+01 -1.133831475269258604e+01
-1.408144027331697146e+01 -1.397237777041982909e+01
1.055849241175764064e+00 -1.142135928463277317e+01
1.477147369444899994e+00 5.435293108279896757e+00
1.172522441385551062e+01 -1.004417772526156405e+01
-8.149413000735599155e+00 -3.658075491591700867e+00
-7.865926564880290961e+00 -1.336019069239412893e+01
8.157482655102104019e-01 -5.482785746285701478e+00
7.728952947418541441e+00 7.249579440936209096e+00
-2.522282042002668589e+00 9.691805384789589084e+00
1.240077348316750872e+01 1.009400315766500000e+01
-5.472329651456865562e+00 2.624257430848615513e-01
-8.189745323096730090e+00 1.233566012153424651e+00
-2.006623618228804418e-01 -8.209279394801232144e+00
-5.679383286867757619e+00 -1.215975927527339451e+01
-2.512599839438625082e-01 5.890493738032176907e+00
-1.477311034633960141e+01 6.885992189457788015e+00
7.495736209021522711e+00 1.225565399398371014e+01
1.209711357980636137e+01 -7.080993651436431335e+00
9.436035924407804032e+00 -9.361286102175405688e+00
5.717064052237834204e+00 1.000921282424182124e+01
-7.964957378647028463e+00 -1.020721870727835245e+01
1.229538934717351850e+01 5.483806119669033308e+00
-8.119748484197167215e+00 -3.456654989412875523e+00
-5.362881329247670692e+00 5.841362498066636988e+00
-1.389040800223517635e+01 -7.392535618688710564e+00
-1.544360552922141139e+00 -5.506150619061148888e+00
9.055884722185840729e-01 1.491854797906479391e+01
-1.470471383898074258e+01 -1.055590481407328696e+01
-1.374052193416039280e+01 -1.435386858505632013e+01
-1.102284811181705848e+01 -5.239379131670848011e+00
-7.023162755499051002e+00 1.458010489728035708e+00
-1.643463944841583313e+00 -1.068526639495638975e+01
-1.598075551799986727e+00 -4.465326081911566547e+00
3.399369204521772048e+00 3.246930890205323550e+00
-1.348675529237030091e+01 6.442124712262909725e+00
-4.053729510233077704e+00 1.404410349992971874e+00
-5.730026006194746557e+00 -1.163082442168358810e+01
1.059898119107425174e+01 -6.605790886622161295e+00
-9.027899563272523409e+00 -1.816627436027021147e+00
-1.140264578600954337e+01 5.366593180975822719e-01
-1.453179977064880823e+01 1.467321127864767405e+01
6.831680663606409354e+00 -3.892550475195701409e+00
-1.124873132459874370e+01 -1.095762450568986779e+01
-3.842573120868300052e+00 -5.493807895395960372e+00
7.045806407239123104e+00 -8.593614027195812355e+00
-9.440970228061189573e-01 1.321510621037094069e+01
3.105662409384446931e+00 2.841290235083029359e-01
-6.226171397164630861e+00 -7.295497414257479107e-01
-5.732630332633604553e+00 -7.639627686593346567e-01
1.723339385228637610e+00 1.066409833027878662e+01
-1.208458173094273391e+01 -1.002258964844620159e+01
-9.326794768797739721e+00 -7.462903400191958525e+00
-1.190811555740404870e+00 -1.008596356649647419e+00
4.479063023689874967e+00 3.809592671402185715e+00
-5.854387487775394305e+00 -7.833449590209201396e+00
7.769672035574227920e+00 -9.782395912100355417e+00
-1.343781986422914798e+00 4.048979433418061546e+00
1.114185126381423530e+01 5.985166370241184808e+00
2.036159543847819720e-01 3.812739747903552967e-01
6.628384534147329532e+00 -9.871691733231044097e+00
2.542749380973511109e+00 6.567797234920039529e+00
-7.886292808953011324e+00 1.477545848184488975e+01
-7.230668629204053843e+00 1.012341893242388124e+01
-4.164427423308044496e+00 6.064766587318349167e+00
-5.198907758747816743e+00 -1.036310078349177033e+01
-5.955776661547798057e+00 1.173419574146440070e+01
-9.897971813416102549e+00 1.181552495111733947e+01
8.942601950599318172e-01 -1.406792660738771161e+01
-1.030503638693419433e+01 -1.045233821658626638e+01
6.257646511570065684e+00 6.300188341094692390e-01
1.313571055060807780e+01 -6.246989509966782705e+00
5.610310227229025060e+00 -2.272611258885087082e+00
1.460756446702215783e+01 4.580964248084832491e+00
-2.696927428106478786e+00 4.754729667466300214e+00
-5.016475417076993182e-01 -5.354111770694910177e+00
-1.424603749270090702e+01 3.977390600656292463e+00
-1.061770546486247646e+01 1.145790400068600334e+01
-7.426075483823886714e+00 -1.395553425656542679e+01
-9.900896922826898816e+00 1.303011368293194394e+01
6.596339104116836438e+00 -1.019193698293059747e+01
-2.379404060403224719e+00 1.329012520328764424e+01
1.796186681746412717e+00 6.804612459056862406e+00
-4.773507123027957988e-01 1.261349668994015971e+01
-2.378799187605022070e+00 -5.024614941387264722e+00
-4.239778572954763902e+00 -1.025775497634511702e+01
3.088836036628510584e+00 9.592053252953725462e+00
3.946107220824021766e+00 1.016536582655472287e+01
-1.430752264904663207e+01 8.032971098712462066e+00
6.124310950769928041e+00 4.763299229474597496e+00
6.996753447633938805e+00 1.094013389312657125e+00
1.273627708768420774e+01 -9.276099267483157718e-01
6.559938069329970034e+00 -5.876774932255644401e+00
-3.420325599906352210e+00 1.253223254176109336e+01
-6.035016542923086647e+00 -6.978586708271903305e+00
-5.770849435574529451e+00 -1.343220761017510156e+01
6.508141678616176762e+00 2.274292307192389728e+00
-9.702166395134371513e+00 -1.080896944107666613e+01
1.149383470028322662e+01 -9.736016438241872351e-01
1.267423949514072490e+01 2.206514094077398624e-01
2.983952204289739285e-01 -1.108611920456342759e+01
-1.278009701728599978e+01 -4.693452035859772664e+00
-1.196597740900903872e+01 -1.536934825785735370e+00
-9.073793483453306052e+00 -3.035667495317897036e+00
-1.056277120368159217e+01 5.933004835799788879e-01
-3.458217544551928313e+00 -1.116147705600876350e+01
1.203779742078519277e+01 -1.264387755893216436e+01
1.842349548978070573e+00 -1.017814777464015563e+01
-1.941447519626242624e+00 -6.587165628486349789e+00
8.484293685214282732e+00 2.611733875451822229e+00
-1.471619053201160199e+01 -7.698360446679385127e+00
4.088682581611998046e+00 -1.829500752831808796e+00
4.997845154931233935e+00 -9.704107770247462739e+00
-1.191735483660494488e+01 1.230831098803395562e+01
7.015242475593652216e+00 -2.435510600271511450e+00
-1.837675705310145347e+00 -3.497497575467123809e+00
-5.357196754324908383e+00 1.008354420140058139e+01
5.561077042704908990e+00 5.382236403747832298e+00
4.873467357952190326e-01 -9.177352995823254034e+00
8.186095160187637276e+00 -8.361037058811310985e+00
-9.309035758773593017e+00 4.922379178970881952e+00
-1.069755921040704472e+01 -5.564393045574362873e-01
7.906987904015718271e+00 1.139914087084550331e+01
-1.499250964830077315e+01 5.331367686387480376e+00
-2.663195102475848230e+00 1.302906522128215983e+01
1.419497247826047470e+01 5.618518067702364505e+00
1.220198691420021575e+01 1.063844585460378056e+01
1.168980408671402671e+01 -3.442466409742161559e+00
6.927181617598986207e+00 -8.857967140874366763e+00
-1.061406595451074608e+01 -1.143789203713380509e+01
9.612119045235523629e+00 -5.444324162289760238e+00
-2.907686412201714532e+00 1.202412637764813397e+01
6.449175806121971277e+00 2.120259448628353027e+00
-4.525537937644863007e+00 -9.968798229826575152e+00
-1.283329211460121755e+01 1.249294303491920388e+01
3.731919158495244915e-02 -2.358053886594250415e+00
7.167078910060237007e+00 1.192803330950932761e+01
-1.233687516212947877e+01 -2.715129239647763981e+00
1.234374620663344402e+01 -5.367816964775434130e+00
-1.393085816469600502e+00 1.411927151290522531e+01
-6.328965002624087788e+00 -4.082827879501671475e-02
-4.182920298128300018e+00 4.953810395532201483e+00
1.141158901161956152e+01 -8.953835029343990115e+00
-5.902634182250675821e+00 -1.120072860208251875e+01
-7.328789061536279625e+00 -6.261267758954893736e-01
7.941453513940135878e+00 -3.024995073668270251e+00
-1.242953866678118047e+01 -1.157547118528145624e+01
-2.806793643566702912e+00 -8.375561065098601432e+00
3.396970534901182504e-01 -4.009568912995005618e+00
1.410121936781124674e+01 -5.361525923631443646e+00
-8.956997893862075344e+00 -6.553364164685683946e+00
-1.479831924277682553e+01 -6.673777872664226507e+00
-1.103686800260030587e+01 -3.501851553451491128e+00
2.428597463095780284e+00 4.491568400129281713e+00
1.117858909970776082e+01 -6.618005117638197987e+00
1.180557938837306509e+01 -1.171821436928607696e+01
-1.082201786402691113e+01 -1.144220316568993390e+01
8.696616943346409556e+00 -9.352589168923699958e+00
4.296631740848972925e-01 1.219655982844058073e+01
4.079554540944826613e+00 1.476113995024385162e+01
-3.969667179661231060e+00 1.400822278230934614e+01
1.152063674688254125e+01 4.986891670765420059e+00
-1.988891714903182617e-01 -8.714888011409165358e-01
-1.115451855031435535e+01 -7.083596227103684306e+00
7.780432971054160873e-01 1.070683077762384627e+01
-1.335247636217494360e+01 -3.504272758197981119e+00
-1.295433472654736562e+01 -1.089863120689995313e+01
1.225258875726927243e+01 -1.182510764909711298e+01
-6.662534379183538746e+00 4.632327369639021697e+00
-1.164675455231143530e+01 1.077951078391895479e+01
-1.499363163578377467e+01 3.465435930268021991e+00
2.477826413854899101e+00 1.092101931846471174e+01
9.418074879349987327e+00 7.966973837226163369e+00
-1.186756186042553018e+01 1.122537271656301883e+01
3.122292815364353658e-01 7.939578342398764477e+00
-1.265978171204440272e+01 -9.737164934992657450e+00
1.256399693859280475e+01 1.417297795491806767e+01
1.436984588686761555e+01 -1.173060167479474103e+01
1.081344177793870287e+01 -1.939368426216551811e+00
8.679753011789919981e+00 8.678187710843069169e+00
-1.427852215456151086e+01 -1.675695657584455489e+00
-3.950042262600526044e-01 9.538373169730487433e+00
5.765354817840485424e+00 8.720763474900632417e-01
-3.247031961932218991e+00 -5.652199373931681592e+00
-1.388808743232084630e+01 -1.070353425118342372e+01
-1.059517797596416955e+01 1.454955206055236161e+01
-1.276153558816607969e+01 -8.428234078133463925e+00
6.736012934805319929e+00 7.590294968624263561e+00
-9.488237289214154657e+00 8.890695479379676414e+00
-3.768550969442568288e+00 -5.943533909171272001e+00
4.016906200495117929e+00 1.104974989118888828e+01
1.426126410139548639e+01 -9.273176707975766320e+00
9.712417717540109408e+00 -2.272036336423312264e+00
-1.330683451218683011e+01 1.689976865967288688e-01
-7.280377555986868643e+00 -1.276339912256805853e+01
4.646990695613371969e+00 -1.054195152652904355e+01
2.087492654895246602e+00 -7.120841765915686850e+00
-1.086817043513993397e+01 -1.408376211818575463e+01
6.457979484264562586e+00 7.571101776005935591e+00
-1.253025338025953950e+01 2.303929896743078132e+00
-9.998016578635988694e+00 1.020241109256605938e+00
-5.217675123218711519e+00 7.137870661762676150e+00
-4.431030927080785276e+00 1.229272475396605913e+01
3.923113252958486896e+00 -6.247265749903624155e+00
1.363158891636056680e+01 -1.419810212798397231e+01
-1.032071077052434660e+01 5.439994059817042427e+00
-1.295792696842305247e+01 1.329082685345706949e+00
1.224829003735627708e+01 -1.298839032960102635e+01
-3.199625864974160905e+00 -3.773859605820451435e+00
1.175885020012488624e+01 -1.298473326924899851e+01
1.096876000478406610e+00 8.063301432650202827e+00
9.680680825244390775e+00 2.174291439455252828e+00
-1.425727734991222562e+01 -9.128606516216850153e+00
-1.192690826475542210e+01 -1.087926842075617984e+01
2.640929112723860328e+00 1.064874990917331132e+01
9.398365494502076700e-01 4.678150049386946563e+00
-2.625742986432801018e+00 6.694862954821356738e+00
-8.222528622796030362e+00 -2.495056986324993176e+00
-9.433605898322205974e+00 1.151881275734727694e+01
1.497420690470232785e+01 2.872720810138801539e+00
2.205533529219056987e+00 -4.055813479044891423e+00
-8.624614102505683277e+00 -2.676727994889699147e+00
-1.130885125208313724e+01 1.049733040336917966e+01
-1.127026392554025414e+01 -8.167966915665640926e-01
-2.452715333564805533e+00 -3.467301990508360632e+00
2.900410728285052642e+00 1.788999440790536966e+00
1.357695140281148127e+00 1.275621009794229010e+01
1.312699334883449964e+01 3.558202497931421959e-01
-1.350667065692542579e+01 1.049951880336984544e+01
-6.226442771519344888e-01 -7.218003782330226770e+00
3.334103847662742481e+00 -6.542996675762710268e+00
-1.134102647525730667e+01 1.296134165907118074e+01
-1.032085812178009654e+01 -9.025853558946215216e+00
1.168831656233788863e+01 5.756117617250183116e+00
1.428428682715300013e+01 -1.127492503939162560e+01
1.296628784082330910e+01 -1.501052046076063462e+00
1.125610265304927182e+01 1.358138293600357471e+01
-1.373561080580337901e+01 5.378479567999086441e+00
-1.453306179252125219e+01 5.845812587928186588e+00
1.322776744887988087e+01 -2.505037640532245646e+00
-2.972567081828970004e+00 9.991561807467466139e+00
1.446112578887578692e+01 1.474171152056992540e+01
-1.222001872955588908e+01 -6.565097333724080997e+00
-1.151359247140882047e+01 1.026020637328890928e+00
8.182942047969547161e+00 1.473213476404509592e+01
2.773318723083239234e+00 -1.020094244343313861e+00
-6.023165007458050724e+00 -5.227128288259955013e+00
-5.355075901866138466e+00 -1.510283731341468538e+00
1.395295816321414506e+01 1.166287159392603101e+01
1.003949730267920515e+01 1.185990837183244295e+01
-1.427888946656265645e+00 -5.616134845770231365e+00
-8.848769220976890892e-01 -1.171223702950123169e+01
-2.054086500652331893e+00 1.076757574794565642e+01
1.050542688557883864e+01 -5.562106168191538913e+00
5.375287515487585210e+00 -7.003124422966600982e+00
-1.366236550206696698e+01 2.303446613497889928e+00
-1.405499155007811574e+01 7.065616069374371477e+00
6.536814830210019522e+00 -1.279294139131074814e+01
1.206238391022559142e+00 -8.489218928054960145e+00
1.255831540063988427e+01 7.209629490119890960e-01
-8.045649068133037929e+00 3.297699025633221481e+00
1.321758938790030413e+01 -5.964636008819045543e+00
-4.628681983952164458e+00 1.358499141414432998e+01
-1.434000920854568228e+01 -1.484308684862511996e-02
-1.291717073615320466e+01 -6.817125501326673387e+00
6.647324233484905420e+00 -1.356419999407916599e+01
-5.976549654169557968e+00 1.407032800507515091e+01
5.249549504573707281e+00 4.450798788664219074e+00
-3.871988902364902785e+00 -3.252732812885424707e+00
-5.088245760552071673e+00 1.422824369621276475e+01
1.083111792237739834e+01 5.005426949211393861e+00
2.292538124769336605e-01 -7.903196884947231382e+00
-1.239346095257397096e+01 -8.340413753451716872e+00
1.451234568938560798e+01 1.454548825415927737e+01
1.183507529732564834e+01 1.008686708438556323e+01
-5.701884714814340782e+00 1.287368983672365275e+01
-1.054759510122904587e+00 2.689663351930594359e+00
1.189382294432293108e+01 -1.451338036115840424e+01
-9.795586394941697250e+00 -1.018683842402143824e-01
1.667177002503514416e+00 -1.013786118798313041e+01
-6.796404058724073494e+00 -6.208398610922611027e+00
-8.692748761631428067e+00 -1.016578012291457611e+01
8.491473161732923103e+00 2.479399737001955373e+00
7.725118582594532768e+00 3.360365142277231598e+00
1.266859235208629642e+01 -1.325870474775640062e+01
-6.794104237762185861e+00 -7.027510044769854858e+00
-4.217699854921999503e+00 -1.246822272286710387e+00
-1.368925801857811031e+01 -5.768196149619077673e+00
6.907245211343372659e+00 -6.264686899949118981e-01
1.374152802481257041e+01 -1.350358587040376257e+01
-1.225899341317918001e+00 -2.453438420388781793e+00
2.890841985149634752e+00 4.894677510919322572e+00
8.787007320988735160e+00 -1.121497588402841039e+01
4.669859202579594637e+00 6.042756480891625870e+00
-7.035011886194536324e+00 -7.163485483870541515e+00
-1.081189635359926626e+01 1.476304080737157420e+01
7.167565592495993343e+00 -1.001841176515872789e+01
1.141532708093217963e+01 -4.892724964571275592e-01
4.929766486757849009e+00 1.231923100352327793e+01
-8.003580521460580854e+00 2.542893823894150529e+00
4.871183934670433757e+00 -2.180955191284365213e+00
-2.226259014471292375e-01 5.767105660589674443e+00
-6.381078432503278108e+00 3.963872921265508609e+00
-5.433368688658347878e+00 -8.893311788947150021e+00
6.868247278287014979e+00 -4.330481276555957493e-01
-7.004307256196766751e+00 -1.670204549491241863e+00
-1.237219964799195182e+01 -7.457179197834865825e+00
1.386446958777607819e+00 -3.462825667581650890e+00
-1.072618811515766879e+00 -1.116070856107628551e+01
7.448137001424271375e+00 -9.435452592736078614e+00
4.544370640978726783e+00 1.740550492561926177e+00
-1.141716664836568640e+01 6.655488325279531381e+00
1.363052950385341333e+01 4.394020988385221926e+00
1.205848315125006920e+01 -6.544631324761613911e-01
7.323070282399218200e+00 -1.379703725184789675e+00
1.051080947442457614e+00 -1.192252901066971660e+01
5.786628945845684768e+00 -8.803663961650382674e+00
-7.066572046978474297e+00 -1.392304260842308850e+01
-4.781975338991504287e+00 -6.183791477398919767e+00
-1.253089053641470585e+01 1.151508978823776985e+01
6.455080502470977422e+00 3.718771379024534696e-01
-3.599772344833608528e+00 8.175234520842266761e+00
-8.012112643304671877e+00 -4.008491347130513915e+00
9.388185313007998190e+00 1.276130664665007686e+01
4.933417607357100110e+00 1.458532724315130125e+01
-8.500432373943414888e+00 -5.798797331263465082e+00
1.123895416223261989e+01 7.475489069184423130e+00
-5.945156766038694585e+00 1.426487159152996753e+01
1.013128787809210962e+01 1.461855015998725804e+00
6.987869327649907092e+00 -1.058231770105933478e+01
-1.047646154671569185e+01 7.390898055831609526e+00
-1.440203140498037548e+01 7.136591301233909945e+00
1.340866481005122068e+01 1.021312917947711796e+01
-3.337631726307810354e+00 -1.147139428644152837e+01
4.929265509173614390e+00 -6.128316366146222549e-01
1.211907257468991261e+01 5.337113045183503601e-01
-9.766593216048857329e+00 -1.785014751815406697e+00
1.112486641145592614e+01 9.708027449230360872e+00
2.202804497755714408e+00 5.012868518143697827e+00
-6.550934648827750451e+00 5.621405515235135653e+00
-1.013111259116026730e+01 -1.091014387505910754e+01
-5.095175186583274396e+00 1.270088691265167569e+01
-8.121688457538576600e+00 -7.328250840801438848e+00
-9.817074438955774696e+00 2.460060037588544191e+00
-1.032020905824979806e+01 1.112051453482421692e+01
-5.284061629083623757e+00 -8.042908039513887886e+00
3.621946545754749280e+00 1.119617519592357269e+01
-9.296016776932319203e+00 8.454942414680854057e+00
-9.321600665643629213e+00 1.474313984068542638e+01
1.294852707152838178e-01 8.232510379803752443e+00
1.278404614169697595e+01 -7.162374278689251916e+00
1.362879918532089007e+01 -4.302455742749927481e+00
2.007307559369309047e+00 -6.772759463343849262e-01
-1.339114048057343354e+00 3.549231175786953685e+00
-1.722389651990592796e+00 6.051732623455070126e+00
-4.454026130093375002e+00 -8.921946907708644403e-03
1.038989004309756226e+01 -1.051182908213757727e+01
-1.377642363124769354e+01 8.307058659985859350e+00
4.350613299340935214e-01 1.272498495747551317e+01
1.082395140674923084e+01 1.293296501188161329e+01
2.079204836853698168e+00 -1.475016888575692953e+01
2.277195745478469036e+00 -3.082055403725028953e+00
1.208675398179450866e+01 -1.133857174601367745e+01
2.555148006155057772e+00 -1.400418608860162095e+01
-1.357887079605965930e+01 -4.608254404300804907e+00
-7.406448148781831442e+00 -9.545874356163690067e+00
-1.320049274262495054e+01 1.010160485676770392e+01
1.338595010151163223e+00 3.902190924885175605e+00
4.891898910282371560e+00 7.677722650448490782e+00
-1.270724811375580998e+01 1.041295633670808485e+01
1.399428411842700726e+01 8.711603017512452141e+00
1.191696125173437792e+01 -1.386740988500369198e+00
7.019156611824250547e+00 -2.073775471554638372e+00
6.654092426503318336e+00 4.080147522125901816e+00
1.390419024090902766e+01 9.978610672198001907e+00
-1.207538847784046965e+01 9.174100060553374902e+00
-5.838975399319764392e+00 -6.702369828362005677e+00
-7.598727389346461081e+00 4.861215702965267837e+00
1.477610150906887299e-01 2.209280111142177816e+00
1.121677657238046066e+01 -8.425256958584252942e-01
9.371390610049541436e+00 1.455703521662361055e+01
-8.812886207520090665e+00 -2.587819564921369775e+00
3.434799167570361078e+00 1.399528555239914596e+01
-9.426667357399603375e+00 8.608756103255394976e+00
-1.316541935840949762e+01 -9.568288269517019273e+00
-1.209184374331570844e+01 4.368639848282533933e+00
6.500941766701199498e+00 -1.482990115788611263e+01
1.488195830290554511e+01 -1.328089039123507575e+01
-8.826361346866917756e+00 -9.617129064198525867e+00
4.702760685728463841e+00 -5.452402095030574714e+00
-1.120608661593513489e+01 1.045336358696215484e+01
2.137342425446099980e+00 1.111277473803205140e+01
1.231790204933893307e+01 2.813905007610678410e+00
8.066714227426242445e+00 7.823799059098469399e+00
2.010201911726014146e+00 1.498254606190895899e+01
1.287075355962307199e+01 4.364344991590876077e-01
5.315267913516645848e-01 4.061877719652223107e+00
-1.315795598470055161e+01 1.200382685774014391e+01
-2.594518683373079782e+00 -1.290728186060733407e+01
7.189823658850190924e+00 5.653204932433915531e+00
1.289449375356759830e+01 4.674607958313771405e+00
-1.122859467971092684e+01 -1.452231966802418128e+01
-4.958031884365642128e+00 -7.462320226908108367e+00
-2.730418268765712142e+00 -1.375432631735780475e+01
8.448212386198679980e+00 -1.208678232292320054e+01
-1.493845088413008959e+01 1.417904973304322169e+01
-3.867715337796997943e+00 1.062308096775148059e+01
-1.336734343547323967e+01 -1.812152653893090104e+00
7.817803177158388905e+00 1.244657986729987087e+01
8.079888265236416345e+00 1.480918354142248816e+01
-4.140859885859669021e-01 6.236785149256441230e+00
4.815907047415038278e+00 9.565806897715212642e+00
-1.122565470665705334e+01 5.062574797655639003e+00
3.370007622114027157e+00 6.659966243387628992e+00
-6.070264647077349807e+00 -6.160201278024532101e+00
-1.245905247840228114e+01 -9.256408495910127598e+00
-1.290314821813598911e+00 8.768171622753389016e-01
-7.855748597845259695e+00 4.608666534884310551e+00
6.918220697021592258e+00 6.162012907790920480e+00
5.456801669500819685e+00 -1.368961667163210549e+00
-6.483406997918127246e+00 7.217306472233421033e+00
1.206310085024221124e+01 -2.154052849675291981e-01
3.415883800119377867e+00 -4.136626217442474385e+00
-8.688633230720192557e+00 7.256652877808672741e+00
1.912999333054266060e+00 -4.483991759463080484e+00
-1.219986129259544683e+01 9.345149499243703417e+00
1.087978964307458085e+01 -1.313752771583244794e+01
1.169177110751460091e+01 5.515477004405909156e+00
-2.343588858577820844e-01 9.737363353103852148e+00
-7.561378908055495174e+00 8.797870660730723102e+00
-3.302102966648817528e+00 1.226589897950804087e+01
-2.623279328688870038e-01 1.256533303773179355e+01
6.252548781493423746e+00 -8.047719784538127641e+00
6.178921044947614405e+00 6.885486962309435910e+00
-8.024290741270430516e+00 -9.571302754037805727e+00
1.406164476388298112e+01 -6.617312754788240881e+00
-1.254862821036609688e+01 -4.700829488561479863e+00
-1.078014649771125377e+01 -1.068219061677024762e+01
-3.231568941314547416e+00 -1.294491410175834645e+01
1.027568941129894142e+01 -1.212954905912694770e+01
1.272694606408307294e+01 -1.041080081867115226e+01
5.621327401390651346e+00 -2.282333637026940920e+00
6.026473713237738394e+00 1.498392424120590860e+01
3.556918795941221845e+00 -3.769447918321818136e+00
-4.934487737679337016e+00 -1.558812035398338125e+00
1.333555113248014834e+01 -1.150011827329966607e+01
9.796109527426541064e+00 2.882354968139722473e+00
-5.976269603803089581e+00 -1.261302527211070412e+01
-8.991892213963399882e+00 1.012594550809022920e+01
1.277462898189898510e+01 5.297792011097406828e+00
1.224413776619840633e+00 1.197214081074776715e+01
-2.419335378611153331e+00 -4.366883742565615734e+00
-8.103016258270816508e-01 4.716283537594243569e+00
1.468415562351992776e+00 -7.243989617488088228e+00
-4.070118705227223188e+00 1.147090044702186873e+01
1.003669192972100177e+01 1.432137764221673137e+01
-2.464523415536591600e+00 3.142498374562553209e+00
7.594499303729776329e+00 -1.262540715019749271e+01
9.145779585811492751e+00 1.412303113105594221e+01
-1.017771264860469671e+01 -5.612565999625479307e+00
-1.454649251207703209e+01 -1.068322190039821606e+01
-1.399954605017980924e+01 -1.442508411274068614e+01
1.073508133028433065e+00 -7.255404942990123729e+00
-6.373612703571595262e+00 9.172329045024994798e+00
-1.456213243053514006e+01 -5.383648887426748075e+00
-3.897732829728926873e+00 -4.759309131621796141e+00
-8.380847489574435372e+00 4.759462743284693431e+00
1.308250663042594297e+01 4.109186753878841358e+00
1.465655247275472206e+01 6.022756035907903538e+00
-8.771570073119139721e+00 1.194645273091207827e+01
7.862580170644328348e+00 1.425746799632290518e+01
-5.438358704251788467e+00 7.950190888731668792e+00
6.978814306722920691e+00 2.089739233842539790e+00
4.329754731900919751e+00 3.783032609639359833e+00
4.983047674012539119e+00 4.932344755132742620e-01
-1.448990354382772949e+01 -1.286597498515725135e+00
2.636798132374167380e+00 1.127821111838290591e+00
1.206364139351947884e+01 -7.993176663663836834e+00
9.396894393113807809e+00 1.846717572914510441e+00
5.927775361208475147e+00 -5.036976168416265054e+00
-3.335762649735961816e+00 -8.447787582475445589e-01
1.666695052490528184e+00 5.910615775801311145e+00
-7.577455687120165706e+00 -3.576771501290432198e+00
9.436990485413812024e+00 -1.201774841990472886e+01
-5.447945149772852602e-01 -9.675666469523376279e+00
1.235937018587087621e+01 -1.236616863821476997e+01
-5.055609701407316692e+00 1.088929919915209155e+01
-4.004403206845447372e+00 3.458143504806038493e+00
5.928982756976726165e+00 -4.650898280611308166e+00
7.153186799615507852e+00 -5.288612954846959369e+00
-1.041803374888405642e+01 7.019668833368715610e+00
-1.043999634695247103e+01 2.265207957341370815e-01
-9.018502398203114723e+00 -1.453523254447581081e+01
-3.345785509499364707e+00 1.256891165022014434e+01
-1.314308808559763442e+01 8.171308282468785933e+00
1.127339642485718230e+01 -7.182400721165595137e+00
1.226225031530538701e+01 5.077319284791020237e+00
-7.423516259454778776e-01 -1.444815100417162768e-01
-1.550233053348808454e-01 1.060110551186820516e+00
1.194369203541609537e+01 -7.332883896249854594e+00
-2.384796434031992263e+00 4.772520776093021055e+00
1.230858977422879974e+01 -9.444230347935764769e+00
5.076017450672356546e-01 -9.809058317772691993e-01
8.150701919556034625e+00 -4.496853764655806884e+00
3.046904854871296919e+00 -7.266053212521034865e+00
8.888603518330249642e+00 9.163113778863376524e+00
-1.413016103684316960e-01 5.240212901507661059e+00
-2.326212606658069504e+00 -8.264151125345957638e-01
-1.106764920216136261e+00 1.271739345877359995e+01
-1.272890542438265271e-01 5.549625003796769818e-01
1.536382007503938496e+00 1.085352350446236969e+01
1.352556701604858347e+01 -9.646884524612548972e+00
-1.987739596134899145e+00 4.713957141347552948e+00
-1.296223597622613433e+01 -1.264534099991195681e+01
-4.703966039579619007e+00 1.072505895091607897e+01
-7.627291764623444159e+00 1.386238325126574011e+01
2.065088180553580344e+00 3.726526044169620633e+00
-1.355981940725671464e+00 -2.540635655108642865e+00
1.335099155027501183e+01 1.437708348042289686e+01
8.177970176504722133e+00 4.213484865756662145e+00
9.470681556019403757e+00 7.623432855166054622e-01
4.249736718023413573e+00 -1.276430052230675649e+01
5.443403151759152792e+00 5.028859521724616144e+00
2.534669608336109548e+00 1.281645861928434726e+01
-1.049990688932016880e+01 -4.992732800844931873e+00
3.214974248222652875e+00 -7.995654832855255911e+00
2.671392483513070459e+00 -8.468967442758909669e+00
-1.379436585243943370e+01 -9.578760359688706316e+00
1.395237337817827949e+01 -6.695496215199781886e+00
6.831733152284225952e+00 1.022644708973568584e+01
-1.393244904615911040e+01 3.445474173424294406e+00
7.786754726134212490e+00 4.980836402361731530e+00
-1.049006781356735907e+01 -1.055401734976445738e+00
-5.588691092404580729e+00 -3.593973303625409343e+00
6.323293041907600553e-01 8.779381363512399616e+00
-1.317382415580741828e+01 1.083900871339551486e+01
1.730871009749417766e+00 7.660001242423092549e+00
-3.066848025507487918e+00 1.466683461245293074e+01
1.329402096355729412e+01 1.215149870019441636e+01
1.388947533361046638e+01 1.197157331540989134e+01
7.509233854884833193e+00 -9.218746550061613476e+00
-1.046774656767336253e+01 -1.171379387622719292e+01
-3.721237844175824705e+00 4.034851382348527693e+00
-7.082025905356939433e+00 -4.020713351115537293e+00
-2.437437827942027013e+00 -2.374938902321481748e+00
-1.071082192355798313e+01 8.207066983388671133e-01
-3.869785465990252860e+00 -1.123082938576432355e+01
-2.524758980034608413e+00 -1.302203719969227791e+01
-1.292685621320482525e+01 1.093480833684990827e+01
-6.564053997625794779e+00 -9.527866792709520638e+00
1.222211139706688598e+01 1.159665012880344648e+01
7.519204400659901921e+00 -1.027838745929952502e+01
-1.337536917215800614e+01 3.710498070555022565e+00
-8.515584288024024673e+00 -6.539421458814967281e+00
1.491126911007849998e+01 4.338642266088100996e+00
5.250603733690351049e+00 -1.314192579631725266e+01
1.107631425156804639e+01 -1.479138528422769383e+00
4.770389304580042733e-01 -1.083323269351613760e+01
-1.723808356398119912e-01 -5.773023523689339243e+00
-1.148039589897369517e+01 4.532718455628881316e+00
7.689731270946754904e+00 1.292150507810985616e+01
9.962568348988391165e+00 -7.004874901145362820e+00
1.078948626765397734e+01 -9.382390216708458297e-02
-1.128568229173745152e+01 2.372535589821673341e+00
-9.670300750842967474e+00 1.483704180369482017e+01
1.595999913307451834e+00 -1.718196243074768148e+00
-1.036982846732935570e+01 -1.183492550486941042e+01
-6.576025380025889433e+00 2.793774338369203747e+00
-1.074365110502258069e+01 1.943905758079555568e+00
-7.534686755462018048e+00 -8.224567690248433038e+00
1.394038797823835907e+01 1.410654717513421019e+01
7.664438396609856596e+00 -2.085597237902913292e+00
-1.236481116483096265e+01 1.265271790893731918e+01
-8.571222788690686656e+00 -5.554847899463085881e+00
-1.372738453000685865e-01 1.106062219318917172e+01
-2.964476602993620702e+00 3.330807345454548596e+00
-1.043532294385736847e+01 6.891537172004984058e+00
4.095018081896700579e+00 9.564576770732152511e+00
-1.397176357922200829e+01 -3.171075121265864993e+00
-2.035869585122950909e+00 -5.771961449802200050e+00
1.130652731848501702e+01 5.154121105048936613e-02
-1.157622364747943955e+01 -3.985310818747148431e+00
-1.254627750644801409e+01 -1.479271490001527312e+01
-4.772604942316231558e+00 7.947399588426414141e+00
-1.492330750783949433e+01 -2.394672762106409891e+00
6.691339573040025357e+00 -2.554386074527316808e+00
-1.341653505847370198e+01 1.338404100861095003e+01
7.444476501610431285e+00 -8.280393605356538345e+00
3.111123343093673554e+00 7.562095716252265731e+00
1.317238210701083645e+01 1.329745459729092261e+01
-1.147789968433408347e+01 -9.793466047304818289e+00
3.173976627358072733e+00 5.340182933411476540e+00
-8.736706451016100772e-01 -1.472920785947824918e+01
1.104759257952569129e+01 1.028752714093940313e+01
1.145082848807006570e+01 -3.321906661291780694e+00
7.276095860994171716e+00 -4.211458763161054719e+00
7.877283346742835590e+00 -1.806868811445596634e-01
1.071875737867506118e+01 1.225676909656829849e+01
1.878438223558255515e+00 -2.941769358876239693e+00
1.147888752799136824e+00 -7.203887251877214126e+00
1.213199156626568964e+00 -8.423750547381096965e-01
-5.915263892544640356e+00 -1.323127158772821232e+01
1.321476503079792053e+01 -9.500601335432470762e+00
4.991579933632834809e+00 -3.214588713750451632e+00
7.091982111856527382e-01 3.964029314903456225e+00
1.208067591608945790e+01 -1.185416620686561018e+01
1.026819966580659838e+01 -3.811783900074352971e+00
4.783816349106452037e+00 -2.073181088110455761e+00
-5.977341803195011849e+00 1.279614150816373552e+01
6.589010410001296947e+00 -4.504294114151431216e+00
1.224891702088890710e+01 1.062374718066397605e+00
1.395474681104503389e+01 1.066335098568926654e+01
9.463428211437268089e+00 -2.994694745209582010e+00
-1.122501422384210379e+01 -1.406221593357367894e+01
-3.565747731918190055e+00 -1.069974480009856954e+01
9.727879887024734273e+00 6.657990133955138390e-01
-1.200528767624538773e+01 1.153466006013242762e+01
-5.719308075921983203e+00 -8.041603153679176330e+00
-6.841058372474726923e+00 -1.178021654538008889e+01
5.368166507240129448e+00 -1.213999727786493565e+00
-9.103960309418605235e+00 8.027366742132066690e+00
8.896602005827432436e+00 7.023841986721251374e+00
1.230779677595145216e+01 -1.111015106034395927e+01
-6.460614668691331275e-01 4.643122145753718399e+00
-2.190655824325219214e+00 1.472459213526129318e+01
5.448591082569897992e+00 -5.802879466335694403e+00
-8.678812834217341177e+00 -1.095068513647473019e+01
-9.574385605623270123e+00 -7.751185093097927137e+00
-1.480510115445883379e+01 7.330701741540998739e+00
-2.895766766873208553e+00 -2.221835540300453715e+00
-8.545636504528797417e+00 5.953365741506701170e+00
1.143470898338371455e+01 -8.719455954046081203e+00
-6.949258301650813152e+00 -1.489852744504080206e+01
9.681778849223963590e+00 -1.074993731803963648e+01
1.403584413085212645e+01 1.441342192898260777e+01
-1.038075244215966819e+01 -7.572706510147117598e+00
-5.135878688994306884e+00 -1.169985683926979902e+01
6.795233196404552700e+00 1.092815840214832690e+00
6.521273528355084892e-01 1.246816274391035151e+01
-1.341914982237676668e+01 -2.882961386246554625e+00
1.413606294088749493e+01 1.117515918137738851e+01
1.187046515273355851e+01 4.334361488321434308e+00
-1.489731711910237166e+01 -5.176387075842205476e+00
-6.971001949717159363e-01 1.280347133192272224e+01
1.091486776429885097e+01 -1.473542784747479750e+01
-4.495505878320534165e+00 5.994366136706457127e+00
1.056016371164228218e+01 1.451660260783273770e+01
1.453586431460787765e+01 1.360162081793397348e+01
6.229109561205621759e+00 1.357956455339397195e+01
-5.123780716626335163e+00 -1.469477096221921641e+01
-1.179620513744051991e+01 -2.254925431121906243e+00
6.449185989132018904e+00 1.120120073356996215e+01
-6.125260735570329018e+00 -7.454464919118239052e+00
1.418128486124230037e+01 4.847046020869189675e+00
-1.130432090320707772e+01 -7.432580923180863941e+00
-1.421328633026226740e+01 7.518507763435227531e+00
1.315891475750297346e+01 7.659328086073795561e+00
7.862334787758062049e+00 3.348743718366897326e+00
3.308013874344119643e+00 -5.283825599622637981e-01
4.560157145201458206e+00 -4.667528760514635167e+00
8.543879694246587775e+00 -1.231534349009604234e+01
1.144366552452891028e+01 5.832789078099544611e+00
2.470825146005193318e+00 -7.648218562827357125e+00
-3.293374581010937163e-01 9.383974376637208792e+00
-1.332165667007706666e+01 1.492814706878064257e+01
-6.769269507212770876e+00 7.640182733303578999e+00
-1.371800823807592273e+01 -7.569734591048336014e+00
-1.034427371141261176e+01 -3.641579161727062086e+00
-7.411661414192671771e-01 7.684884834428174827e+00
7.098744158269287396e+00 1.050572132709204709e+01
-7.020901266361624593e+00 -1.267583921456080276e+01
8.705642043828078158e+00 -1.806959662143739820e+00
9.404743588981585134e+00 1.885030682457422557e+00
-7.373911360025436679e+00 -2.913931231940075861e+00
1.230823686158712249e+01 -2.230901000395506983e+00
1.249945261013990461e+01 5.703755248316127791e+00
5.891958908874848078e+00 -9.961479205312214091e+00
-8.263139499227207807e-01 8.580210878500089677e+00
4.279215997893928147e-01 -8.312074436403957378e+00
-8.086006543310283234e+00 -1.290817218582603232e+00
-7.184267880373695014e+00 1.404974232774321763e+00
-1.252122181797021838e+00 8.770020801893636531e+00
1.105263846345135192e+00 -5.276701653799349856e+00
-4.417138958224990475e+00 1.318290903673460690e+00
1.696045982113687955e+00 -1.398225816883367756e+01
-9.131832941967068962e+00 -1.890603117078518025e+00
4.530230211744033397e+00 -1.294119970030067179e+01
5.367410500030800335e-02 3.219714807462001005e+00
-3.978552952579338609e+00 5.268012669945523641e+00
-1.328617887096634398e+01 -1.206615933119761230e+01
1.174580782029710235e+01 4.766410967463343695e-01
1.049924863045810852e+01 -6.042623830973226973e+00
5.227211790114569823e+00 -2.256255566344885111e+00
-1.096341043105607227e+01 -2.603758193259851694e+00
4.891492705384496986e-01 -4.113542908269090859e+00
6.159566453647439488e+00 1.391151413332440256e+01
-4.174807733810670385e-01 -1.402464560389092085e+01
2.316104878356867403e+00 1.001598785531439617e+01
-6.231015487506896378e+00 -6.816190201304218377e+00
-1.083281962088419803e+01 -4.645114170820829003e+00
8.931052538140981767e+00 -1.273109565891758166e+00
-1.139676934285579613e+01 -1.021655791549404135e+01
-5.979811799374299852e+00 -8.960616163026344339e+00
3.906537319754725956e+00 -1.142109054968642567e+00
2.795507634405417718e+00 3.421740166473302480e+00
1.004141014107982599e+01 1.158581849063156355e+01
-1.437337645281144560e+01 -9.323810468495906889e+00
8.827130656894951244e+00 -5.426970863146907575e+00
3.896402632833218860e+00 -1.331730027207999356e+01
-1.396665980320897305e+01 1.499642975868110994e+01
2.981224006468838894e+00 8.227481132687916698e+00
-1.209773895742293526e+01 -5.737770424209612585e+00
1.074260303005053885e+01 1.469179533883637845e+01
-3.070465316873058015e+00 -1.078106009270353383e+01
1.410836440642084000e+01 1.333158591390010272e+01
-1.124323932861081055e+01 5.256621658329692082e+00
-8.349454933467519879e+00 2.700028497973253394e+00
-1.062783185537491093e+01 -1.707446145848226848e+00
-3.963671798819369485e+00 8.141691904503304045e+00
-1.435927167570014973e+01 -1.046559608804226826e+01
-3.327079182659906209e+00 -5.287551992733906303e+00
-3.859628133968833197e+00 2.781121407158966718e+00
-3.458439495538351949e+00 1.142158948613374392e+01
-4.223060496678614939e+00 -1.256775516663489967e+01
-6.611621750729080205e+00 -4.272291627108323553e+00
9.365508833067067940e+00 -2.160277038172818465e+00
3.658151812694203642e-01 -7.802636959206429523e+00
-5.153820509253460358e+00 -1.304808315363641924e+01
-1.375451127094730630e+01 8.759913446293204231e+00
-3.180712041887048258e+00 1.256545386569948164e+01
-1.412282299215306658e+01 9.634873202394725666e+00
-9.698585556436546185e+00 -1.388508274907554707e+01
